start=1387.387000
speed=1.000000
pause=yes
